Pure wiggling case:
b_coeff = [0,250.12414704,249.89491901,250.68124652,250.02002427,0]
wave_length = 0.65816607

50 % wiggling case:
b_coeff = [ 0,499.26038287,499.72485096,499.90456082,499.88150906,0 ]
wave_length = 1011.2872865